This file contains the generator matrix for the FT8/FT4 (174,91) LDPC code. 
The matrix has 91 columns and 83 rows.

1000001100101001110011100001000110111111001100011110101011110101000010011111001001111111110
0111011000011100001001100100111000100101110000100101100100110011010101001001001100010011001
1101110000100110010110010000001011111011001001110111110001100100000100001010000110111101110
0001101100111111010000010111100001011000110011010010110111010011001111101100011111110110001
0000100111111101101001001111111011100000010000011001010111111101000000110100011110000011101
0000011101111100110011001100000100011011100010000111001111101101010111000011110101001000101
0010100110110110001010101111111000111100101000000011011011110100111111100001101010011101101
0110000001010100111110101111010111110011010111011001011011010011101100001100100011000011111
1110001000000111100110001110010000110001000011101110110100100111100010000100101011101001000
0111011101011100100111000000100011101000000011100010011011011101101011100101011000110001100
1011000010111000000100010000001010001100001010111111100110010111001000010011010010000111110
0001100010100000110010010010001100011111110001100000101011011111010111000101111010100011001
0111011001000111000111101000001100000010101000000111001000011110000000011011000100101011100
1111111110111100110010111000000011001010100000110100000111111010111110110100011110110010111
0110011010100111001010100001010110001111100100110010010110100010101111110110011100010111000
1100010000100100001101101000100111111110100001011011000111000101000100110110001110100001100
0000110111111111011100111001010000010100110100011010000110110011010010110001110000100111000
0001010110110100100010000011000001100011011011001000101110011001100010010100100101110010111
0010100110101000100111000000110100111101111010000001110101100110010101001000100110110000111
0100111100010010011011110011011111111010010100011100101111100110000110111101011010111001010
1001100111000100011100100011100111010000110110010111110100111100100001001110000010010100000
0001100100011001101101110101000100011001011101100101011000100001101110110100111100011110100
0000100111011011000100101101011100110001111110101110111000001011100001101101111101101011100
0100100010001111110000110011110111110100001111111011110111101110101001001110101011111011010
1000001001110100001000111110111001000000101101100111010111110111010101101110101101011111111
1010101111100001100101111100010010000100110010110111010001110101011100010100010010101001101
0010101101010000000011100100101111000000111011000101101001101101001010111101101111011101000
1100010001110100101010100101001111010111000000100001100001110110000101100110100100110110000
1000111010111010000110100001001111011011001100111001000010111101011001110001100011001110110
0111010100111000010001000110011100111010001001110111100000101100110001000010000000010010111
0000011011111111100000111010000101000101110000110111000000110101101001011100000100100110100
0011101100110111010000010111100001011000110011000010110111010011001111101100001111110110001
1001101001001010010110100010100011101110000101111100101010011100001100100100100001000010110
1011110000101001111101000110010100110000100111001001011101111110100010010110000100001010010
0010011001100011101011100110110111011111100010110101110011100010101110110010100101001000100
0100011011110010001100011110111111100100010101110000001101001100000110000001010001000001100
0011111110110010110011101000010110101011111010011011000011000111001011100000011011111011111
1101111010000111010010000001111100101000001011000001010100111001011100011010000010100010111
1111110011010111110011001111001000111100011010011111101010011001101110111010000101000001001
1111000000100110000101000100011111101001010010010000110010101000111001000111010011001110110
0100010000010000000100010101100000011000000110010110111110010101110011011101011100000001001
0000100010001111110000110001110111110100101111111011110111100010101001001110101011111011010
1011100011111110111100011011011000110000011101110010100111111011000010100000011110001100000
0101101011111110101001111010110011001100101101110111101110111100100111011001100110101001000
0100100110100111000000010110101011000110010100111111011001011110110011011100100100000111011
0001100101000100110100001000010110111110010011100111110110101000110101101100110001111101000
0010010100011111011000101010110111000100000000110010111100001110111001110001010000000000001
0101011001000111000111111000011100000010101000000111001000011110000000001011000100101011100
0010101110001110010010010010001111110010110111010101000111100010110101010011011111111010000
0110101101010101000010100100000010100110011011110100011101010101110111101001010111000010011
1010000110001010110100101000110101001110001001111111111010010010101001001111011011001000010
0001000011000010111001011000011000111000100011001011100000101010001111011000000001110101100
1110111100110100101001000001100000010111111011100000001000010011001111011011001011101011000
0111111010011100000011000101010000110010010110101001110000010101100000110110111000000000000
0011011010010011111001010111001011010001111111011110010011001101111100000111100111101000011
1011111110110010110011101100010110101011111000011011000011000111001011100000011111111011111
0111111011100001100000100011000011000101100000111100110011001100010101111101010010110000100
1010000001100110110010110010111111101101101011111100100111110101001001100110010000010010011
1011101100100011011100100101101010111100010001111100110001011111010011001100010011001101001
1101111011011001110110111010001110111110111001000000110001011001101101010110000010011011010
1101100110100111000000010110101011000110010100111110011011011110110011011100100100000011011
1001101011010100011010101110110101011111011100000111111100101000000010101011010111111100010
1110010110010010000111000111011110000010001001011000011100110001011011010111110100111100001
0100111100010100110110101000001001000010101010001011100001101101110010100111001100110101001
1000101110001011010100000111101011010100011001111101010001000100000111011111011101110000111
0010001010000011000111001001110011110001000101101001010001100111101011010000010010110110100
0010000100111011100000111000111111100010101011100101010011000011100011101110011100011000000
0101110110010010011010110110110111010111000111110000100001010001100000011010010011100001001
0110011010101011011110011101010010110010100111101110011011100110100101010000100111100101011
1001010110000001010010000110100000101101011101001000101000111000110111010110100010111010101
1011100011001110000000100000110011110000011010011100001100101010011100100011101010110001010
1111010000110011000111010110110101000110000101100000011111101001010101110101001001110100011
0110110110100010001110111010010000100100101110010101100101100001001100111100111110011100100
1010011000110110101111001011110001111011001100001100010111111011111010101110011001111111111
0101110010110000110110000110101000000111110111110110010101001010100100001000100110100010000
1111000100011111000100000110100001001000011110000000111111001001111011001101110110000000101
0001111110111011010100110110010011111011100011010010110010011101011100110000110101011011101
1111110010111000011010111100011100001010010100001100100111010000001010100101110100000011010
1010010100110100010000110011000000101001111010101100000101011111001100100010111000110100110
1100100110001001110110011100011111000011110100111011100011000101010111010111010100010011000
0111101110110011100010110010111100000001100001101101010001100110010000111010111010010110001
0010011001000100111010111010110111101011010001001011100101000110011111010001111101000010110
0110000010001100110010000101011101011001010010111111101110110101010111010110100101100000000
